function y = SymbolsAvg(x)

    temp1(1:144)=(x(49:192)+x(529:672))/2;
    temp2(1:48)= (x(1:48)+x(241:288)+x(481:528))/3;
    temp3(1:48)= (x(193:240) + x(433:480) + x(673:720))/3;
    y1(1:48)=temp2;
    y1(49:192)=temp1;
    y1(193:240)=temp3;
    y=[y1 y1 y1];
    
end